BFS Result for  test_pancakes3.config
Path:
(-1, -3, 6, -4, -5, -2)
(3, 1, 6, -4, -5, -2)
(4, -6, -1, -3, -5, -2)
(1, 6, -4, -3, -5, -2)
(2, 5, 3, 4, -6, -1)
(6, -4, -3, -5, -2, -1)
(3, 4, -6, -5, -2, -1)
(5, 6, -4, -3, -2, -1)
(-6, -5, -4, -3, -2, -1)
(1, 2, 3, 4, 5, 6)
Time:  42391
Max Queue Size:  47196
Max Visited Size:  42392
Uniform Cost Search Result for  test_pancakes3.config
Path:
(-1, -3, 6, -4, -5, -2)
(-6, 3, 1, -4, -5, -2)
(2, 5, 4, -1, -3, 6)
(-4, -5, -2, -1, -3, 6)
(3, 1, 2, 5, 4, 6)
(-3, 1, 2, 5, 4, 6)
(-5, -2, -1, 3, 4, 6)
(-4, -3, 1, 2, 5, 6)
(-2, -1, 3, 4, 5, 6)
(1, 2, 3, 4, 5, 6)
Time:  236632
Max Queue Size:  220673
Max Visited Size:  42024
Cost:  9
Greedy Result for  test_pancakes3.config
Path:
(-1, -3, 6, -4, -5, -2)
(3, 1, 6, -4, -5, -2)
(5, 4, -6, -1, -3, -2)
(1, 6, -4, -5, -3, -2)
(2, 3, 5, 4, -6, -1)
(6, -4, -5, -3, -2, -1)
(4, -6, -5, -3, -2, -1)
(5, 6, -4, -3, -2, -1)
(-6, -5, -4, -3, -2, -1)
(1, 2, 3, 4, 5, 6)
Time:  1526
Max Queue Size:  5143
Max Visited Size:  1171
Cost:  9
AStar Result for  test_pancakes3.config
Path:
(-1, -3, 6, -4, -5, -2)
(3, 1, 6, -4, -5, -2)
(5, 4, -6, -1, -3, -2)
(1, 6, -4, -5, -3, -2)
(2, 3, 5, 4, -6, -1)
(6, -4, -5, -3, -2, -1)
(4, -6, -5, -3, -2, -1)
(5, 6, -4, -3, -2, -1)
(-6, -5, -4, -3, -2, -1)
(1, 2, 3, 4, 5, 6)
Time:  3357
Max Queue Size:  10806
Max Visited Size:  2435
Cost:  18
